100
3 394274638 3
7 615562705 2
2 739424390 2
654809340 204894365 472730208
12 430895283 10
820162082 641616307 588599124
11 872829055 1
8 863472675 5
6 737005495 6
13 140874526 1
5 838370030 1
7987995 944258007 3704096
20 452477339 2
16 316486845 3
7 371704047 4
10 847309774 1
19 326960619 13
10 995691642 9
7 116507988 3
8 94123457 3
5 559772387 5
8 68776125 2
2 950135853 2
10 871101260 5
7 202574414 2
18 179098809 5
2 241943014 1
796 906236986 70
10 351834097 7
17 807384911 17
8 315277218 2
1 809644535 1
10 817801950 3
5 440531117 5
20 880268919 8
6 293435347 2
18 19114015 3
4 735038152 3
622 756206857 245
7 482235723 6
1 332585626 1
3 917360179 1
7 382333528 5
3 910271929 2
2 559295142 1
6 852399876 4
5 507841274 3
8 703690620 7
2 731894216 1
15 315371646 13
12 450649452 4
7 100332753 7
9 304145150 8
7 80202029 5
1 269193929 1
18 950000152 5
45900 625548176 41768
9 980493422 6
2 59893403 2
10 397424389 1
20 659990005 9
8 962771014 1
1 582734799 1
1 962681512 1
1 176253776 1
7 778510859 2
9 182827716 2
5 846583622 2
18 570581961 6
17 446480767 11
10 483724534 6
3 11307206 1
7 584440269 1
14 697311573 8
4 999357627 1
17 199341423 9
7 457329882 2
6 640291708 3
10 879791830 8
3 269794978 3
3 70223500 3
8 29789831 5
1 982193421 1
5 614503262 5
2 511908640 2
8 256981399 7
5 230221644 4
6 131578521 3
7 421457224 1
1 528381267 1
4 296324763 1
13 413984801 9
15 24726509 13
3 258277558 3
15 837095618 13
1 17894198 1
93327 722377177 12125
3830347 568814045 3368104
12 10766669 6
8 117991680 2
