first max:    103  139  223  232  234 
 103  139  223  232 
 103  139  223 
 103  139  140  162  217  221 
 103  139  140  162 
 103  139 
 81  87  111 
 81 

sum = 1403
first max:    103  139  223  232 
 103  139  223  234 
 103  139  223 
 103  139  140  162  217  221 
 103  139  140  162 
 103  139 
 81  87  111 
 81 

sum = 1403
first max:    103  139  223 
 103  139  232  234 
 103  139  232 
 103  139  140  162  217  221 
 103  139  140  162 
 103  139 
 81  87  111 
 81 

sum = 1403
first max:    103  139  193  217  221 
 103  139  223  232  234 
 103  139  223  232 
 103  139  223 
 103  139  140  162 
 103  139 
 81  87  111 
 81 

sum = 1403
first max:    103  139  193  217 
 103  139  223  232  234 
 103  139  223  232 
 103  139  223 
 103  139  140  162  194 
 103  139  140  162 
 103  139 
 81  111 
 81 

sum = 1593
first max:    103  139  193  194  200 
 103  139  223  232 
 103  139  223 
 103  139  140  162  217  221 
 103  139  140  162  182 
 103  139  140  162 
 103  139 
 81  87 
 81 

sum = 1527
first max:    103  139  193  194 
 103  139  223  232  234 
 103  139  223  232 
 103  139  223 
 103  139  140  162  217 
 103  139  140  162 
 103  139 
 81  111 
 81 

sum = 1593
first max:    103  139  193 
 103  139  140  162  217  221  234 
 103  139  140  162  217  221 
 103  139  140  162 
 103  139 
 80  81  87  111 
 80  81 

sum = 1141
first max:    103  139  140  162  182 
 103  139  223  232 
 103  139  223 
 103  139  140  162  217  221 
 103  139  140  162  200 
 103  139  140  162 
 103  139 
 81  87 
 81 

sum = 1527
first max:    103  139  140  162 
 103  139  223  232  234 
 103  139  223  232 
 103  139  223 
 103  139  217  221 
 103  139 
 81  87  111 
 81 

sum = 1403
first max:    103  139  140 
 103  139  223  232  234 
 103  139  223  232 
 103  139  223 
 103  139  217  221 
 103  139 
 81  87  111 
 81 
 71 

sum = 1452
first max:    103  139 
 223  232  234 
 223  232 
 223 
 81  140  162  217  221 
 81  140  162 
 81  87  111 
 81 

sum = 1403
first max:    103  103  111 
 103  139  223  232  234 
 103  139  223  232 
 103  139  223 
 103  139  140  162  217  221 
 103  139  140  162 
 103  139 
 81 

sum = 1403
first max:    103  103 
 103  193  232  234 
 103  193  232 
 103  140  162  217  221 
 103  140  162 
 103  111 
 103 
 81 

sum = 1247
first max:    103 
 103  223  232  234 
 103  223  232 
 103  223 
 81  140  162  217  221 
 81  140  162 
 81  87  111 
 81 

sum = 1367
first max:    80  81  87 
 103  139  223  232  234 
 103  139  223  232 
 103  139  223 
 103  139  140  162  217  221 
 103  139  140  162 
 103  139 
 81 

sum = 1379
first max:    80  81 
 103  139  223  232  234 
 103  139  223  232 
 103  139  223 
 103  139  140  162  217  221 
 103  139  140  162 
 103  139 
 87  111 

sum = 1403
first max:    80 
 103  139  223  234 
 103  139  223 
 103  139  140  162  217  221 
 103  139  140  162 
 103  139 
 51  87  111 
 51 

sum = 1221
first max:    51  71 
 103  139  223  232  234 
 103  139  223  232 
 103  139  223 
 103  139  140  221 
 103  139  140 
 103  139 
 81  87  111 
 81 

sum = 1452
first max:    51 
 103  139  223  232  234 
 103  139  223  232 
 103  139  223 
 103  139  162  217  221 
 103  139  162 
 103  139 
 87  111 

sum = 1373
You can get: 1593
